time,output
0,22.691742
1,22.691742
2,22.691742
3,22.691742
4,22.789452
5,22.691742
6,22.789452
7,22.691742
8,22.691742
9,22.789452
10,22.691742
11,22.691742
12,22.691742
13,22.691742
14,22.789452
15,22.789452
16,22.789452
17,22.887154
18,22.887154
19,22.984856
20,22.984856
21,23.082558
22,23.180267
23,23.375671
24,23.375671
25,23.473373
26,23.668785
27,23.766487
28,23.961899
29,24.157303
30,24.352715
31,24.450417
32,24.64582
33,25.036636
34,25.232048
35,25.427452
36,25.720566
37,25.915977
38,26.209084
39,26.502197
40,26.795311
41,27.088425
42,27.38153
43,27.674644
44,27.967758
45,28.260872
46,28.651688
47,29.042503
48,29.33561
49,29.726425
50,30.117249
51,30.410355
52,30.80117
53,31.191986
54,31.582802
55,31.973618
56,32.364433
57,32.85296
58,33.243774
59,33.732292
60,34.025406
61,34.513924
62,34.90474
63,35.295555
64,35.68637
65,36.17489
66,36.565704
67,37.15193
68,37.542747
69,38.031265
70,38.519783
71,38.9106
72,39.399124
73,39.88764
74,40.37616
75,40.864677
76,41.353203
77,41.84172
78,42.33024
79,42.818756
80,43.30728
81,43.7958
82,44.284317
83,44.968246
84,45.554466
85,46.04299
86,46.53151
87,47.020027
88,47.606255
89,48.192474
90,48.7787
91,49.36492
92,49.853447
93,50.439667
94,51.025894
95,51.612114
96,52.10063
97,52.78456
98,53.37079
99,53.859306
100,54.445534
101,54.93405
102,55.52027
103,56.008797
104,56.595016
105,57.181244
106,57.66976
107,58.15828
108,58.744507
109,59.233025
110,59.721542
111,60.21006
112,60.796288
113,61.382507
114,61.871033
115,62.457253
116,63.04348
117,63.531998
118,64.020515
119,64.704445
120,65.19296
121,65.77919
122,66.170006
123,66.65852
124,67.24475
125,67.73327
126,68.31949
127,68.905716
128,69.491936
129,69.98046
130,70.46898
131,71.05521
132,71.543724
133,72.129944
134,72.61847
135,73.10699
136,73.595505
137,74.18173
138,74.67025
139,75.15877
140,75.647285
141,76.23351
142,76.81973
143,77.30826
144,77.796776
145,78.18759
146,78.67612
147,79.16463
148,79.65315
149,80.33708
150,80.82559
151,81.31412
152,81.70494
153,82.19345
154,82.68198
155,83.17049
156,83.65901
157,84.24524
158,84.73375
159,85.222275
160,85.6131
161,86.10161
162,86.59013
163,87.17636
164,87.66487
165,88.2511
166,88.739624
167,89.325836
168,89.71666
169,90.205185
170,90.693695
171,91.18222
172,91.47533
173,91.86615
174,92.35466
175,92.64778
176,92.94089
177,93.23399
178,93.527115
179,93.82022
180,94.01564
181,94.211044
182,94.50415
183,94.699554
184,94.89497
185,95.09038
186,95.28578
187,95.481186
188,95.5789
189,95.77431
190,96.06741
191,96.26282
192,96.360535
193,96.45824
194,96.55594
195,96.75134
196,96.849045
197,96.94675
198,97.04445
199,97.142166
200,97.23987
201,97.33757
202,97.33757
203,97.43527
204,97.532974
205,97.532974
206,97.63068
207,97.72838
208,97.72838
209,97.72838
210,97.9238
211,97.9238
212,98.0215
213,98.0215
214,98.1192
215,98.1192
216,98.1192
217,98.1192
218,98.1192
219,98.1192
220,98.1192
221,98.1192
222,98.1192
223,98.1192
224,98.1192
225,98.2169
226,98.2169
227,98.2169
228,98.314606
229,98.314606
230,98.314606
231,98.2169
232,98.2169
233,98.2169
234,98.2169
235,98.2169
236,98.2169
237,98.2169
238,98.2169
239,98.2169
240,98.314606
241,98.314606
242,98.314606
243,98.2169
244,98.2169
245,98.2169
246,98.2169
247,98.1192
248,98.1192
249,98.0215
250,98.0215
251,98.0215
252,97.9238
253,98.0215
254,98.0215
255,98.1192
256,98.1192
257,98.1192
258,98.1192
259,98.1192
260,98.1192
261,98.1192
262,98.1192
263,98.1192
264,98.1192
265,98.1192
266,98.1192
267,98.0215
268,97.9238
269,97.72838
270,97.72838
271,97.72838
272,97.72838
273,97.72838
274,97.72838
275,97.72838
276,97.72838
277,97.63068
278,97.532974
279,97.532974
280,97.532974
281,97.43527
282,97.43527
283,97.43527
284,97.43527
285,97.43527
286,97.33757
287,97.33757
288,97.23987
289,97.142166
290,97.142166
291,97.04445
292,96.94675
293,96.94675
294,96.94675
295,96.94675
296,96.849045
297,96.849045
298,96.849045
299,96.75134
300,96.75134
301,96.75134
302,96.65364
303,96.55594
304,96.55594
305,96.45824
306,96.360535
307,96.360535
308,96.360535
309,96.360535
310,96.165115
311,96.06741
312,96.06741
313,95.87201
314,95.77431
315,95.676605
316,95.5789
317,95.5789
318,95.5789
319,95.481186
320,95.481186
321,95.481186
322,95.481186
323,95.383484
324,95.28578
325,95.18808
326,95.09038
327,94.992676
328,94.89497
329,94.89497
330,94.79727
331,94.699554
332,94.699554
333,94.60185
334,94.50415
335,94.50415
336,94.50415
337,94.50415
338,94.40645
339,94.40645
340,94.30875
341,94.30875
342,94.30875
343,94.211044
344,94.211044
345,94.11334
346,94.11334
347,94.11334
348,94.01564
349,94.01564
350,93.91792
351,93.91792
352,93.82022
353,93.82022
354,93.72252
355,93.62482
356,93.62482
357,93.527115
358,93.42941
359,93.42941
360,93.33171
361,93.23399
362,93.13629
363,93.13629
364,93.03859
365,92.94089
366,92.94089
367,92.843185
368,92.843185
369,92.74548
370,92.74548
371,92.64778
372,92.55008
373,92.45236
374,92.35466
375,92.35466
376,92.35466
377,92.25696
378,92.159256
379,92.159256
380,92.159256
381,92.061554
382,92.061554
383,91.96385
384,91.86615
385,91.76845
386,91.76845
387,91.76845
388,91.67073
389,91.67073
390,91.67073
391,91.67073
392,91.67073
393,91.57303
394,91.57303
395,91.47533
396,91.47533
397,91.377625
398,91.377625
399,91.27992
400,91.27992
401,91.27992
402,91.18222
403,91.08452
404,90.98682
405,90.98682
406,90.8891
407,90.8891
408,90.8891
409,90.7914
410,90.7914
411,90.693695
412,90.59599
413,90.59599
414,90.49829
415,90.49829
416,90.40059
417,90.40059
418,90.30289
419,90.205185
420,90.205185
421,90.10747
422,90.10747
423,90.009766
424,89.91206
425,89.91206
426,89.81436
427,89.81436
428,89.71666
429,89.71666
430,89.61896
431,89.61896
432,89.521255
433,89.42355
434,89.42355
435,89.42355
436,89.325836
437,89.228134
438,89.228134
439,89.228134
440,89.13043
441,89.13043
442,89.13043
443,89.03273
444,89.03273
445,88.93503
446,88.93503
447,88.93503
448,88.837326
449,88.837326
450,88.739624
451,88.739624
452,88.544205
453,88.544205
454,88.544205
455,88.544205
456,88.544205
457,88.544205
458,88.4465
459,88.4465
460,88.4465
461,88.3488
462,88.2511
463,88.2511
464,88.1534
465,88.1534
466,87.95799
467,87.86029
468,87.86029
469,87.76257
470,87.76257
471,87.76257
472,87.66487
473,87.56717
474,87.56717
475,87.46947
476,87.46947
477,87.46947
478,87.371765
479,87.371765
480,87.371765
481,87.27406
482,87.27406
483,87.27406
484,87.27406
485,87.17636
486,87.17636
487,87.17636
488,87.07866
489,87.07866
490,86.98094
491,86.88324
492,86.88324
493,86.78554
494,86.78554
495,86.78554
496,86.687836
497,86.687836
498,86.59013
499,86.59013
500,86.59013
501,86.49243
502,86.49243
503,86.39473
504,86.39473
505,86.39473
506,86.29703
507,86.29703
508,86.19931
509,86.19931
510,86.19931
511,86.19931
512,86.10161
513,86.10161
514,86.10161
515,86.10161
516,86.10161
517,86.10161
518,86.00391
519,86.00391
520,85.906204
521,85.906204
522,85.8085
523,85.8085
524,85.7108
525,85.7108
526,85.6131
527,85.51538
528,85.51538
529,85.51538
530,85.51538
531,85.41768
532,85.41768
533,85.41768
534,85.31998
535,85.31998
536,85.31998
537,85.31998
538,85.31998
539,85.222275
540,85.222275
541,85.222275
542,85.222275
543,85.12457
544,85.12457
545,85.02687
546,85.02687
547,84.92917
548,84.92917
549,84.92917
550,84.92917
551,84.83147
552,84.83147
553,84.83147
554,84.73375
555,84.73375
556,84.73375
557,84.73375
558,84.63605
559,84.63605
560,84.63605
561,84.63605
562,84.538345
563,84.538345
564,84.538345
565,84.34294
566,84.34294
567,84.34294
568,84.34294
569,84.34294
570,84.34294
571,84.24524
572,84.24524
573,84.24524
574,84.14754
575,84.14754
576,84.049835
577,83.95212
578,84.049835
579,83.95212
580,83.854416
581,83.854416
582,83.95212
583,83.854416
584,83.854416
585,83.95212
586,83.854416
587,83.95212
588,83.95212
589,84.24524
590,84.34294
591,84.44064
592,84.63605
593,84.83147
594,84.92917
595,85.12457
596,85.31998
597,85.41768
598,85.6131
599,85.8085
600,86.00391
601,86.19931
602,86.49243
603,86.687836
604,86.98094
605,87.371765
606,87.56717
607,87.86029
608,88.2511
609,88.544205
610,88.93503
611,89.325836
612,89.61896
613,90.009766
614,90.30289
615,90.693695
616,91.08452
617,91.47533
618,91.76845
619,92.25696
620,92.64778
621,93.03859
622,93.42941
623,93.82022
624,94.30875
625,94.60185
626,94.79727
627,95.18808
628,95.5789
629,95.87201
630,96.165115
631,96.45824
632,96.75134
633,96.94675
634,97.142166
635,97.43527
636,97.72838
637,98.0215
638,98.2169
639,98.41231
640,98.51001
641,98.60771
642,98.80313
643,98.90083
644,99.09624
645,99.19394
646,99.29164
647,99.48706
648,99.58476
649,99.682465
650,99.97557
651,100.07327
652,100.170975
653,100.26869
654,100.26869
655,100.366394
656,100.5618
657,100.6595
658,100.7572
659,100.7572
660,100.854904
661,100.95261
662,100.95261
663,101.05032
664,101.148026
665,101.24573
666,101.24573
667,101.34343
668,101.34343
669,101.34343
670,101.44113
671,101.44113
672,101.44113
673,101.53883
674,101.53883
675,101.53883
676,101.53883
677,101.636536
678,101.636536
679,101.636536
680,101.636536
681,101.73424
682,101.831955
683,101.831955
684,101.92966
685,101.92966
686,101.92966
687,101.92966
688,101.831955
689,101.73424
690,101.73424
691,101.73424
692,101.636536
693,101.636536
694,101.636536
695,101.636536
696,101.636536
697,101.636536
698,101.636536
699,101.636536
700,101.636536
701,101.636536
702,101.53883
703,101.53883
704,101.53883
705,101.53883
706,101.53883
707,101.53883
708,101.53883
709,101.53883
710,101.53883
711,101.53883
712,101.53883
713,101.44113
714,101.44113
715,101.34343
716,101.34343
717,101.24573
718,101.24573
719,101.24573
720,101.148026
721,101.148026
722,101.05032
723,101.05032
724,101.05032
725,100.95261
726,100.95261
727,100.854904
728,100.854904
729,100.854904
730,100.854904
731,100.7572
732,100.7572
733,100.7572
734,100.7572
735,100.7572
736,100.854904
737,100.7572
738,100.7572
739,100.6595
740,100.6595
741,100.5618
742,100.5618
743,100.464096
744,100.464096
745,100.464096
746,100.464096
747,100.464096
748,100.366394
749,100.366394
750,100.366394
751,100.366394
752,100.366394
753,100.366394
754,100.26869
755,100.26869
756,100.26869
757,100.26869
758,100.26869
759,100.26869
760,100.26869
761,100.26869
762,100.170975
763,100.170975
764,100.07327
765,100.07327
766,99.97557
767,99.97557
768,99.87787
769,99.87787
770,99.78017
771,99.682465
772,99.682465
773,99.58476
774,99.38934
775,99.29164
776,99.29164
777,99.29164
778,99.19394
779,99.09624
780,98.998535
781,98.998535
782,98.90083
783,98.998535
784,98.90083
785,98.80313
786,98.70543
787,98.70543
788,98.60771
789,98.60771
790,98.51001
791,98.51001
792,98.51001
793,98.41231
794,98.41231
795,98.41231
796,98.41231
797,98.314606
798,98.314606
799,98.314606
800,98.314606
801,98.314606
802,98.41231
803,98.41231
804,98.41231
805,98.41231
806,98.314606
807,98.314606
808,98.2169
809,98.2169
810,98.1192
811,98.1192
812,98.0215
813,98.0215
814,98.0215
815,98.0215
816,97.9238
817,97.9238
818,97.82608
819,97.82608
820,97.82608
821,97.72838
822,97.72838
823,97.72838
824,97.72838
825,97.63068
826,97.63068
827,97.43527
828,97.33757
829,97.23987
830,97.142166
831,97.142166
832,97.142166
833,97.142166
834,97.23987
835,97.142166
836,97.23987
837,97.23987
838,97.142166
839,97.04445
840,96.94675
841,96.75134
842,96.75134
843,96.75134
844,96.75134
845,96.65364
846,96.65364
847,96.65364
848,96.55594
849,96.55594
850,96.45824
851,96.45824
852,96.360535
853,96.360535
854,96.165115
855,96.165115
856,96.06741
857,95.96971
858,95.87201
859,95.77431
860,95.77431
861,95.87201
862,95.87201
863,95.77431
864,95.676605
865,95.5789
866,95.481186
867,95.481186
868,95.383484
869,95.28578
870,95.28578
871,95.28578
872,95.28578
873,95.28578
874,95.28578
875,95.28578
876,95.28578
877,95.18808
878,95.09038
879,95.09038
880,95.18808
881,95.18808
882,95.18808
883,95.18808
884,95.18808
885,95.09038
886,95.09038
887,95.09038
888,95.09038
889,95.09038
890,94.992676
891,94.992676
892,94.992676
893,94.992676
894,94.89497
895,94.89497
896,94.79727
897,94.79727
898,94.79727
899,94.79727
900,94.79727
901,94.699554
902,94.699554
903,94.699554
904,94.60185
905,94.60185
906,94.60185
907,94.50415
908,94.50415
909,94.50415
910,94.40645
911,94.40645
912,94.30875
913,94.30875
914,94.30875
915,94.211044
916,94.211044
917,94.211044
918,94.211044
919,94.11334
920,94.11334
921,94.11334
922,94.01564
923,94.01564
924,94.01564
925,93.91792
926,93.91792
927,93.91792
928,93.82022
929,93.82022
930,93.72252
931,93.82022
932,93.72252
933,93.72252
934,93.62482
935,93.62482
936,93.527115
937,93.42941
938,93.42941
939,93.42941
940,93.33171
941,93.33171
942,93.33171
943,93.33171
944,93.33171
945,93.33171
946,93.33171
947,93.23399
948,93.23399
949,93.13629
950,93.13629
951,93.13629
952,93.13629
953,93.13629
954,93.03859
955,93.03859
956,92.94089
957,92.94089
958,92.94089
959,92.94089
960,92.94089
961,92.843185
962,92.74548
963,92.74548
964,92.64778
965,92.55008
966,92.55008
967,92.45236
968,92.35466
969,92.35466
970,92.25696
971,92.25696
972,92.35466
973,92.25696
974,92.25696
975,92.25696
976,92.25696
977,92.159256
978,92.25696
979,92.25696
980,92.159256
981,92.159256
982,92.159256
983,92.061554
984,92.061554
985,92.061554
986,91.86615
987,91.76845
988,91.76845
989,91.76845
990,91.76845
991,91.76845
992,91.67073
993,91.67073
994,91.67073
995,91.67073
996,91.67073
997,91.57303
998,91.67073
999,91.57303
1000,91.47533
1001,91.377625
1002,91.27992
1003,91.27992
1004,91.27992
1005,91.27992
1006,91.27992
1007,91.27992
1008,91.27992
1009,91.27992
1010,91.27992
1011,91.27992
1012,91.27992
1013,91.18222
1014,91.18222
1015,91.18222
1016,91.18222
1017,91.08452
1018,90.98682
1019,90.98682
1020,90.98682
1021,90.98682
1022,90.8891
1023,90.7914
1024,90.7914
1025,90.7914
1026,90.7914
1027,90.693695
1028,90.693695
1029,90.693695
1030,90.693695
1031,90.693695
1032,90.693695
1033,90.59599
1034,90.693695
1035,90.693695
1036,90.59599
1037,90.59599
1038,90.59599
1039,90.59599
1040,90.49829
1041,90.40059
1042,90.30289
1043,90.205185
1044,90.205185
1045,90.10747
1046,90.10747
1047,90.10747
1048,90.10747
1049,90.10747
1050,90.205185
1051,90.205185
1052,90.205185
1053,90.10747
1054,90.10747
1055,90.10747
1056,90.10747
1057,90.009766
1058,90.009766
1059,89.91206
1060,89.91206
1061,89.91206
1062,89.91206
1063,89.81436
1064,89.81436
1065,89.81436
1066,89.71666
1067,89.71666
1068,89.71666
1069,89.71666
1070,89.61896
1071,89.61896
1072,89.61896
1073,89.521255
1074,89.521255
1075,89.521255
1076,89.521255
1077,89.42355
1078,89.42355
1079,89.42355
1080,89.325836
1081,89.325836
1082,89.325836
1083,89.325836
1084,89.325836
1085,89.228134
1086,89.228134
1087,89.13043
1088,89.13043
1089,89.13043
1090,89.03273
1091,89.13043
1092,89.03273
1093,89.03273
1094,89.03273
1095,89.03273
1096,89.03273
1097,88.93503
1098,88.93503
1099,88.837326
1100,88.837326
1101,88.837326
1102,88.837326
1103,88.837326
1104,88.837326
1105,88.739624
1106,88.739624
1107,88.739624
1108,88.64192
1109,88.544205
1110,88.544205
1111,88.544205
1112,88.544205
1113,88.544205
1114,88.544205
1115,88.4465
1116,88.4465
1117,88.4465
1118,88.4465
1119,88.3488
1120,88.3488
1121,88.3488
1122,88.2511
1123,88.2511
1124,88.2511
1125,88.2511
1126,88.1534
1127,88.1534
1128,88.1534
1129,88.1534
1130,88.1534
1131,88.055695
1132,88.055695
1133,87.95799
1134,87.86029
1135,87.86029
1136,87.86029
1137,87.76257
1138,87.86029
1139,87.76257
1140,87.76257
1141,87.76257
1142,87.76257
1143,87.76257
1144,87.66487
1145,87.66487
1146,87.56717
1147,87.56717
1148,87.56717
1149,87.46947
1150,87.46947
1151,87.46947
1152,87.46947
1153,87.46947
1154,87.46947
1155,87.371765
1156,87.371765
1157,87.371765
1158,87.371765
1159,87.371765
1160,87.27406
1161,87.27406
1162,87.27406
1163,87.17636
1164,87.17636
1165,87.17636
1166,87.07866
1167,87.07866
1168,87.07866
1169,87.07866
1170,86.98094
1171,86.98094
1172,86.98094
1173,86.88324
1174,86.88324
1175,86.88324
1176,86.78554
1177,86.78554
1178,86.78554
1179,86.78554
1180,86.687836
1181,86.687836
1182,86.687836
1183,86.59013
1184,86.59013
1185,86.59013
1186,86.59013
1187,86.59013
1188,86.59013
1189,86.49243
1190,86.49243
1191,86.49243
1192,86.59013
1193,86.49243
1194,86.49243
1195,86.59013
1196,86.49243
1197,86.49243
1198,86.39473
1199,86.39473
1200,86.39473
1201,86.39473
1202,86.29703
1203,86.29703
1204,86.29703
1205,86.29703
1206,86.19931
1207,86.19931
1208,86.19931
1209,86.19931
1210,86.10161
1211,86.10161
1212,86.10161
1213,86.10161
1214,86.10161
1215,86.00391
1216,86.00391
1217,85.906204
1218,85.906204
1219,85.906204
1220,85.906204
1221,85.906204
1222,85.906204
1223,85.8085
1224,85.7108
1225,85.8085
1226,85.7108
1227,85.7108
1228,85.7108
1229,85.7108
1230,85.7108
1231,85.6131
1232,85.6131
1233,85.51538
1234,85.51538
1235,85.51538
1236,85.51538
1237,85.51538
1238,85.51538
1239,85.41768
1240,85.41768
1241,85.41768
1242,85.41768
1243,85.41768
1244,85.41768
1245,85.41768
1246,85.41768
1247,85.31998
1248,85.31998
1249,85.31998
1250,85.31998
1251,85.31998
1252,85.31998
1253,85.222275
1254,85.222275
1255,85.222275
1256,85.222275
1257,85.222275
1258,85.222275
1259,85.12457
1260,85.12457
1261,85.12457
1262,85.02687
1263,85.02687
1264,85.02687
1265,85.02687
1266,84.92917
1267,85.02687
1268,84.92917
1269,84.92917
1270,85.02687
1271,84.92917
1272,85.02687
1273,84.92917
1274,84.92917
1275,85.02687
1276,85.02687
1277,85.12457
1278,85.222275
1279,85.31998
1280,85.31998
1281,85.41768
1282,85.6131
1283,85.7108
1284,85.906204
1285,86.10161
1286,86.29703
1287,86.49243
1288,86.78554
1289,87.07866
1290,87.371765
1291,87.66487
1292,87.95799
1293,88.3488
1294,88.544205
1295,88.93503
1296,89.228134
1297,89.61896
1298,90.009766
1299,90.30289
1300,90.693695
1301,90.98682
1302,91.377625
1303,91.67073
1304,92.159256
1305,92.55008
1306,92.94089
1307,93.42941
1308,93.82022
1309,94.211044
1310,94.60185
1311,94.89497
1312,95.383484
1313,95.676605
1314,96.165115
1315,96.45824
1316,96.849045
1317,97.142166
1318,97.43527
1319,97.72838
1320,97.9238
1321,98.1192
1322,98.41231
1323,98.60771
1324,98.80313
1325,99.09624
1326,99.19394
1327,99.38934
1328,99.58476
1329,99.97557
1330,100.170975
1331,100.26869
1332,100.366394
1333,100.5618
1334,100.7572
1335,100.95261
1336,101.24573
1337,101.34343
1338,101.44113
1339,101.53883
1340,101.636536
1341,101.831955
1342,101.831955
1343,102.02736
1344,102.02736
1345,102.12506
1346,102.12506
1347,102.22276
1348,102.320465
1349,102.320465
1350,102.515884
1351,102.515884
1352,102.61359
1353,102.71129
1354,102.71129
1355,102.80899
1356,102.90669
1357,102.90669
1358,103.004395
1359,103.1998
1360,103.1998
1361,103.1998
1362,103.1998
1363,103.1021
1364,103.297516
1365,103.1998
1366,103.1998
1367,103.297516
1368,103.297516
1369,103.297516
1370,103.1998
1371,103.297516
1372,103.39522
1373,103.39522
1374,103.39522
1375,103.49292
1376,103.39522
1377,103.39522
1378,103.39522
1379,103.39522
1380,103.49292
1381,103.39522
1382,103.297516
1383,103.297516
1384,103.297516
1385,103.39522
1386,103.39522
1387,103.297516
1388,103.297516
1389,103.1998
1390,103.297516
1391,103.39522
1392,103.297516
1393,103.297516
1394,103.297516
1395,103.39522
1396,103.39522
1397,103.297516
1398,103.297516
1399,103.1998
1400,103.1021
1401,103.1021
1402,103.004395
1403,102.90669
1404,102.90669
1405,102.90669
1406,102.90669
1407,102.80899
1408,102.71129
1409,102.80899
1410,102.80899
1411,102.71129
1412,102.71129
1413,102.61359
1414,102.61359
1415,102.61359
1416,102.71129
1417,102.71129
1418,102.71129
1419,102.71129
1420,102.71129
1421,102.61359
1422,102.61359
1423,102.515884
1424,102.61359
1425,102.515884
1426,102.515884
1427,102.515884
1428,102.320465
1429,102.22276
1430,102.22276
1431,102.12506
1432,102.02736
1433,102.12506
1434,102.02736
1435,102.02736
1436,102.02736
1437,101.92966
1438,101.92966
1439,101.92966
1440,101.92966
1441,101.92966
1442,101.831955
1443,101.831955
1444,101.831955
1445,101.831955
1446,101.831955
1447,101.92966
1448,101.92966
1449,101.831955
1450,101.831955
1451,101.636536
1452,101.636536
1453,101.53883
1454,101.53883
1455,101.636536
1456,101.53883
1457,101.34343
1458,101.34343
1459,101.44113
1460,101.44113
1461,101.34343
1462,101.24573
1463,101.34343
1464,101.24573
1465,101.34343
1466,101.24573
1467,101.24573
1468,101.148026
1469,101.05032
1470,101.05032
1471,100.95261
1472,100.854904
1473,100.854904
1474,100.95261
1475,100.854904
1476,100.7572
1477,100.7572
1478,100.854904
1479,100.854904
1480,100.7572
1481,100.854904
1482,100.7572
1483,100.7572
1484,100.6595
1485,100.5618
1486,100.5618
1487,100.5618
1488,100.5618
1489,100.5618
1490,100.464096
1491,100.366394
1492,100.26869
1493,100.26869
1494,100.170975
1495,100.170975
1496,100.07327
1497,100.07327
1498,100.07327
1499,99.97557
1500,99.87787
1501,99.97557
1502,99.87787
1503,99.78017
1504,99.78017
1505,99.682465
1506,99.682465
1507,99.58476
1508,99.58476
1509,99.58476
1510,99.48706
1511,99.48706
1512,99.38934
1513,99.48706
1514,99.48706
1515,99.38934
1516,99.29164
1517,99.29164
1518,99.29164
1519,99.29164
1520,99.19394
1521,99.19394
1522,99.19394
1523,99.19394
1524,99.09624
1525,98.998535
1526,98.998535
1527,98.998535
1528,99.09624
1529,98.998535
1530,99.09624
1531,98.998535
1532,98.90083
1533,98.90083
1534,98.90083
1535,98.90083
1536,98.80313
1537,98.80313
1538,98.80313
1539,98.70543
1540,98.60771
1541,98.60771
1542,98.60771
1543,98.60771
1544,98.60771
1545,98.51001
1546,98.51001
1547,98.51001
1548,98.51001
1549,98.51001
1550,98.51001
1551,98.41231
1552,98.41231
1553,98.41231
1554,98.2169
1555,98.2169
1556,98.1192
1557,98.2169
1558,98.2169
1559,98.2169
1560,98.1192
1561,98.1192
1562,98.1192
1563,98.1192
1564,98.0215
1565,98.0215
1566,97.9238
1567,97.82608
1568,97.82608
1569,97.82608
1570,97.72838
1571,97.72838
1572,97.82608
1573,97.72838
1574,97.72838
1575,97.72838
1576,97.63068
1577,97.63068
1578,97.63068
1579,97.63068
1580,97.63068
1581,97.63068
1582,97.63068
1583,97.532974
1584,97.43527
1585,97.33757
1586,97.142166
1587,97.23987
1588,97.23987
1589,97.23987
1590,97.23987
1591,97.142166
1592,97.142166
1593,97.142166
1594,97.142166
1595,97.04445
1596,97.04445
1597,96.94675
1598,96.94675
1599,96.94675
1600,96.94675
1601,96.94675
1602,96.849045
1603,96.849045
1604,96.849045
1605,96.75134
1606,96.849045
1607,96.75134
1608,96.75134
1609,96.65364
1610,96.55594
1611,96.55594
1612,96.45824
1613,96.360535
1614,96.45824
1615,96.360535
1616,96.360535
1617,96.26282
1618,96.26282
1619,96.26282
1620,96.26282
1621,96.26282
1622,96.26282
1623,96.165115
1624,96.165115
1625,96.165115
1626,96.165115
1627,96.165115
1628,96.165115
1629,96.06741
1630,96.06741
1631,95.87201
1632,95.77431
1633,95.77431
1634,95.676605
1635,95.676605
1636,95.676605
1637,95.5789
1638,95.5789
1639,95.676605
1640,95.676605
1641,95.5789
1642,95.5789
1643,95.5789
1644,95.481186
1645,95.481186
1646,95.383484
1647,95.383484
1648,95.28578
1649,95.28578
1650,95.28578
1651,95.28578
1652,95.28578
1653,95.28578
1654,95.28578
1655,95.18808
1656,95.09038
1657,94.992676
1658,94.992676
1659,94.992676
1660,95.09038
1661,94.992676
1662,94.992676
1663,94.89497
1664,94.89497
1665,94.89497
1666,94.89497
1667,94.89497
1668,94.89497
1669,94.89497
1670,94.79727
1671,94.79727
1672,94.79727
1673,94.79727
1674,94.79727
1675,94.79727
1676,94.699554
1677,94.60185
1678,94.50415
1679,94.60185
1680,94.50415
1681,94.50415
1682,94.50415
1683,94.50415
1684,94.40645
1685,94.40645
1686,94.40645
1687,94.40645
1688,94.40645
1689,94.40645
1690,94.40645
1691,94.30875
1692,94.30875
1693,94.30875
1694,94.211044
1695,94.30875
1696,94.211044
1697,94.211044
1698,94.11334
1699,94.11334
1700,94.01564
1701,94.01564
1702,94.11334
1703,94.01564
1704,93.91792
1705,94.01564
1706,93.91792
1707,93.91792
1708,93.91792
1709,93.91792
1710,93.82022
1711,93.72252
1712,93.82022
1713,93.72252
1714,93.72252
1715,93.62482
1716,93.62482
1717,93.62482
1718,93.62482
1719,93.62482
1720,93.62482
1721,93.527115
1722,93.527115
1723,93.527115
1724,93.42941
1725,93.42941
1726,93.33171
1727,93.33171
1728,93.33171
1729,93.33171
1730,93.23399
1731,93.13629
1732,93.13629
1733,93.13629
1734,93.13629
1735,93.03859
1736,93.13629
1737,93.03859
1738,93.03859
1739,93.03859
1740,93.03859
1741,93.03859
1742,93.03859
1743,93.03859
1744,93.03859
1745,92.94089
1746,92.94089
1747,92.94089
1748,92.843185
1749,92.843185
1750,92.843185
1751,92.74548
1752,92.74548
1753,92.74548
1754,92.74548
1755,92.74548
1756,92.74548
1757,92.74548
1758,92.64778
1759,92.64778
1760,92.64778
1761,92.64778
1762,92.64778
1763,92.55008
1764,92.55008
1765,92.45236
1766,92.45236
1767,92.45236
1768,92.45236
1769,92.45236
1770,92.45236
1771,92.35466
1772,92.25696
1773,92.25696
1774,92.25696
1775,92.25696
1776,92.159256
1777,92.25696
1778,92.159256
1779,92.159256
1780,92.159256
1781,92.159256
1782,92.061554
1783,92.061554
1784,92.061554
1785,92.061554
1786,91.96385
1787,91.86615
1788,91.76845
1789,91.76845
1790,91.76845
1791,91.76845
1792,91.67073
1793,91.67073
1794,91.67073
1795,91.67073
1796,91.67073
1797,91.67073
1798,91.67073
1799,91.57303
1800,91.57303
1801,91.47533
1802,91.47533
1803,91.47533
1804,91.47533
1805,91.47533
1806,91.47533
1807,91.377625
1808,91.27992
1809,91.377625
1810,91.377625
1811,91.27992
1812,91.27992
1813,91.27992
1814,91.27992
1815,91.27992
1816,91.18222
1817,91.18222
1818,91.18222
1819,91.18222
1820,91.08452
1821,91.08452
1822,91.08452
1823,91.08452
1824,91.08452
1825,90.98682
1826,90.98682
1827,90.98682
1828,90.98682
1829,90.8891
1830,90.8891
1831,90.8891
1832,90.8891
1833,90.7914
1834,90.7914
1835,90.7914
1836,90.7914
1837,90.7914
1838,90.693695
1839,90.693695
1840,90.693695
1841,90.59599
1842,90.59599
1843,90.693695
1844,90.59599
1845,90.59599
1846,90.49829
1847,90.49829
1848,90.49829
1849,90.49829
1850,90.49829
1851,90.49829
1852,90.40059
1853,90.49829
1854,90.49829
1855,90.40059
1856,90.30289
1857,90.30289
1858,90.205185
1859,90.30289
1860,90.30289
1861,90.30289
1862,90.205185
1863,90.30289
1864,90.205185
1865,90.30289
1866,90.205185
1867,90.205185
1868,90.205185
1869,90.10747
1870,90.10747
1871,90.10747
1872,90.10747
1873,90.10747
1874,90.009766
1875,90.009766
1876,90.009766
1877,89.91206
1878,89.91206
1879,89.91206
1880,89.91206
1881,89.81436
1882,89.81436
1883,89.71666
1884,89.71666
1885,89.71666
1886,89.61896
1887,89.61896
1888,89.61896
1889,89.61896
1890,89.521255
1891,89.521255
1892,89.521255
1893,89.521255
1894,89.521255
1895,89.521255
1896,89.42355
1897,89.42355
1898,89.325836
1899,89.325836
1900,89.325836
1901,89.325836
1902,89.228134
1903,89.228134
1904,89.228134
1905,89.228134
1906,89.13043
1907,89.13043
1908,89.13043
1909,89.13043
1910,89.13043
1911,89.03273
1912,89.03273
1913,88.93503
1914,88.93503
1915,88.93503
1916,88.93503
1917,88.93503
1918,88.93503
1919,88.93503
1920,88.93503
1921,88.837326
1922,88.837326
1923,88.837326
1924,88.837326
1925,88.837326
1926,88.739624
1927,88.739624
1928,88.64192
1929,88.739624
1930,88.739624
1931,88.739624
1932,88.739624
1933,88.739624
1934,88.64192
1935,88.64192
1936,88.64192
1937,88.64192
1938,88.64192
1939,88.64192
1940,88.544205
1941,88.64192
1942,88.64192
1943,88.64192
1944,88.64192
1945,88.544205
1946,88.544205
1947,88.544205
1948,88.544205
1949,88.544205
1950,88.544205
1951,88.4465
1952,88.4465
1953,88.4465
1954,88.4465
1955,88.3488
1956,88.3488
1957,88.3488
1958,88.3488
1959,88.2511
1960,88.2511
1961,88.2511
1962,88.2511
1963,88.2511
1964,88.1534
1965,88.055695
1966,88.055695
1967,88.1534
1968,88.055695
1969,88.055695
1970,88.055695
1971,87.95799
1972,87.95799
1973,87.95799
1974,87.95799
1975,87.86029
1976,87.95799
1977,87.86029
1978,87.86029
1979,87.86029
1980,87.76257
1981,87.76257
1982,87.86029
1983,87.86029
1984,87.76257
1985,87.76257
1986,87.76257
1987,87.66487
1988,87.66487
1989,87.66487
1990,87.56717
1991,87.56717
1992,87.56717
1993,87.56717
1994,87.56717
1995,87.56717
1996,87.56717
1997,87.56717
1998,87.46947
1999,87.371765
2000,87.371765
2001,87.371765
2002,87.371765
2003,87.371765
2004,87.27406
2005,87.27406
2006,87.17636
2007,87.27406
2008,87.27406
2009,87.17636
2010,87.17636
2011,87.07866
2012,87.07866
2013,87.07866
2014,87.07866
2015,87.07866
2016,87.07866
2017,86.98094
2018,86.98094
2019,86.98094
2020,86.98094
2021,86.88324
2022,86.88324
2023,86.78554
2024,86.78554
2025,86.78554
2026,86.78554
2027,86.78554
2028,86.78554
2029,86.78554
2030,86.78554
2031,86.78554
2032,86.78554
2033,86.88324
2034,86.78554
2035,86.78554
2036,86.687836
2037,86.687836
2038,86.59013
2039,86.59013
2040,86.59013
2041,86.59013
2042,86.59013
2043,86.59013
2044,86.59013
2045,86.59013
2046,86.59013
2047,86.59013
2048,86.59013
2049,86.59013
2050,86.59013
2051,86.49243
2052,86.49243
2053,86.49243
2054,86.49243
2055,86.49243
2056,86.49243
2057,86.49243
2058,86.39473
2059,86.39473
2060,86.39473
2061,86.39473
2062,86.39473
2063,86.39473
2064,86.29703
2065,86.29703
2066,86.29703
2067,86.29703
2068,86.29703
2069,86.19931
2070,86.10161
2071,86.00391
2072,86.00391
2073,86.00391
2074,86.00391
2075,86.00391
2076,86.00391
2077,86.00391
2078,86.00391
2079,86.00391
2080,85.906204
2081,85.906204
2082,86.00391
2083,85.906204
2084,85.906204
2085,85.906204
2086,85.906204
2087,85.906204
2088,85.906204
2089,85.906204
2090,85.8085
2091,85.8085
2092,85.8085
2093,85.7108
2094,85.7108
2095,85.7108
2096,85.6131
2097,85.6131
2098,85.51538
2099,85.51538
2100,85.51538
2101,85.51538
2102,85.51538
2103,85.51538
2104,85.51538
2105,85.6131
2106,85.51538
2107,85.51538
2108,85.51538
2109,85.51538
2110,85.51538
2111,85.51538
2112,85.51538
2113,85.41768
2114,85.41768
2115,85.41768
2116,85.41768
2117,85.31998
2118,85.31998
2119,85.31998
2120,85.31998
2121,85.31998
2122,85.31998
2123,85.31998
2124,85.31998
2125,85.31998
2126,85.31998
2127,85.222275
2128,85.222275
2129,85.222275
2130,85.222275
2131,85.222275
2132,85.222275
2133,85.222275
2134,85.222275
2135,85.222275
2136,85.222275
2137,85.31998
2138,85.31998
2139,85.41768
2140,85.6131
2141,85.7108
2142,85.8085
2143,86.00391
2144,86.10161
2145,86.39473
2146,86.59013
2147,86.78554
2148,87.07866
2149,87.27406
2150,87.56717
2151,87.76257
2152,88.1534
2153,88.3488
2154,88.739624
2155,89.03273
2156,89.42355
2157,89.71666
2158,90.10747
2159,90.40059
2160,90.7914
2161,91.18222
2162,91.57303
2163,91.86615
2164,92.25696
2165,92.64778
2166,93.13629
2167,93.42941
2168,93.91792
2169,94.30875
2170,94.699554
2171,95.09038
2172,95.383484
2173,95.87201
2174,96.26282
2175,96.55594
2176,96.849045
2177,97.142166
2178,97.532974
2179,97.82608
2180,98.0215
2181,98.314606
2182,98.60771
2183,98.80313
2184,99.09624
2185,99.19394
2186,99.38934
2187,99.682465
2188,99.97557
2189,100.170975
2190,100.26869
2191,100.5618
2192,100.7572
2193,100.7572
2194,101.05032
2195,101.24573
2196,101.34343
2197,101.53883
2198,101.636536
2199,101.73424
2200,101.831955
2201,101.92966
2202,102.02736
2203,102.12506
2204,102.22276
2205,102.41817
2206,102.515884
2207,102.71129
2208,102.71129
2209,102.80899
2210,102.90669
2211,102.90669
2212,103.004395
2213,103.1021
2214,103.1998
2215,103.1998
2216,103.1998
2217,103.297516
2218,103.39522
2219,103.49292
2220,103.49292
2221,103.39522
2222,103.39522
2223,103.59062
2224,103.59062
2225,103.688324
2226,103.688324
2227,103.688324
2228,103.688324
2229,103.786026
2230,103.88373
2231,103.98143
2232,103.98143
2233,103.98143
2234,103.88373
2235,103.88373
2236,103.59062
2237,102.71129
2238,101.636536
2239,100.170975
2240,98.41231
2241,96.849045
2242,95.481186
2243,94.40645
2244,93.72252
2245,93.23399
2246,92.74548
2247,92.55008
2248,92.25696
2249,92.061554
2250,91.76845
2251,91.67073
2252,91.57303
2253,91.377625
2254,91.27992
2255,91.18222
2256,90.98682
2257,90.8891
2258,90.7914
2259,90.693695
2260,90.59599
2261,90.49829
2262,90.40059
2263,90.40059
2264,90.30289
2265,90.30289
2266,90.10747
2267,89.61896
2268,88.837326
2269,87.66487
2270,86.29703
2271,85.222275
2272,84.44064
2273,83.756714
2274,83.46361
2275,83.17049
2276,82.97508
2277,82.87738
2278,82.87738
2279,82.77968
2280,82.68198
2281,82.68198
2282,82.68198
2283,82.77968
2284,82.87738
2285,83.072784
2286,83.2682
2287,83.365906
2288,83.56131
2289,83.756714
2290,84.049835
2291,84.34294
2292,84.538345
2293,84.83147
2294,85.222275
2295,85.41768
2296,85.7108
2297,85.906204
2298,86.29703
2299,86.59013
2300,86.88324
2301,87.17636
2302,87.46947
2303,87.86029
2304,88.2511
2305,88.64192
2306,89.03273
2307,89.325836
2308,89.71666
2309,90.10747
2310,90.59599
2311,90.8891
2312,91.377625
2313,91.67073
2314,92.25696
2315,92.64778
2316,93.03859
2317,93.42941
2318,93.82022
2319,94.211044
2320,94.60185
2321,94.89497
2322,95.18808
2323,95.481186
2324,95.77431
2325,96.165115
2326,96.45824
2327,96.65364
2328,96.360535
2329,95.5789
2330,94.50415
2331,93.42941
2332,92.45236
2333,91.57303
2334,90.7914
2335,90.30289
2336,89.71666
2337,89.13043
2338,88.544205
2339,88.1534
2340,87.46947
2341,86.98094
2342,86.49243
2343,86.00391
2344,85.6131
2345,85.222275
2346,84.83147
2347,84.538345
2348,84.44064
2349,84.44064
2350,84.63605
2351,84.73375
2352,84.92917
2353,85.222275
2354,85.31998
2355,85.51538
2356,85.8085
2357,86.10161
2358,86.39473
2359,86.78554
2360,87.17636
2361,87.56717
2362,88.1534
2363,88.544205
2364,89.03273
2365,89.42355
2366,89.91206
2367,90.30289
2368,90.59599
2369,91.08452
2370,91.47533
2371,91.76845
2372,92.35466
2373,92.843185
2374,93.23399
2375,93.62482
2376,94.11334
2377,94.50415
2378,94.89497
2379,95.28578
2380,95.77431
2381,96.26282
2382,96.75134
2383,97.142166
2384,97.532974
2385,97.82608
2386,98.1192
2387,98.41231
2388,98.60771
2389,98.80313
2390,98.998535
2391,99.19394
2392,99.38934
2393,99.48706
2394,99.682465
2395,99.97557
2396,100.07327
2397,100.26869
2398,100.366394
2399,100.464096
2400,100.6595
2401,100.7572
2402,100.854904
2403,100.95261
2404,100.95261
2405,101.05032
2406,101.148026
2407,101.24573
2408,101.34343
2409,101.34343
2410,101.44113
2411,101.53883
2412,101.53883
2413,101.53883
2414,101.53883
2415,101.53883
2416,101.636536
2417,101.636536
2418,101.636536
2419,101.73424
2420,101.73424
2421,101.73424
2422,101.73424
2423,101.73424
2424,101.831955
2425,101.831955
2426,101.831955
2427,101.831955
2428,101.831955
2429,101.831955
2430,101.831955
2431,101.831955
2432,101.831955
2433,101.831955
2434,101.73424
2435,101.831955
2436,101.831955
2437,101.831955
2438,101.831955
2439,101.73424
2440,101.831955
2441,101.73424
2442,101.73424
2443,101.73424
2444,101.73424
2445,101.636536
2446,101.73424
2447,101.636536
2448,101.636536
2449,101.636536
2450,101.636536
2451,101.53883
2452,101.53883
2453,101.53883
2454,101.44113
2455,101.44113
2456,101.34343
2457,101.34343
2458,101.34343
2459,101.34343
2460,101.34343
2461,101.34343
2462,101.24573
2463,101.24573
2464,101.148026
2465,101.05032
2466,101.05032
2467,101.05032
2468,100.95261
2469,100.464096
2470,99.29164
2471,98.1192
2472,97.142166
2473,96.45824
2474,95.77431
2475,95.481186
2476,94.89497
2477,94.30875
2478,93.527115
2479,92.843185
2480,92.061554
2481,91.27992
2482,90.59599
2483,90.10747
2484,89.81436
2485,89.521255